5.42430844185327
4.49286241090371
5.04150086724299
5.48069471545363
4.50960683913998
5.03192290526406
5.35252971930786
4.56632322867259
5.30080493591721
5.49658506780631
4.32419121907159
5.16609431480693
5.51655090717145
4.35223895773071
5.34401016203052
5.51133086467762
4.33112790225415
4.98125897682437
5.53701058287405
4.44818735709419
5.63033274985936
5.65345708211717
4.24951427107755
5.51312574147748
5.21610106343676
4.77126243149629
4.97841247865728
5.33539278209352
4.34859670436044
5.11991774693084
4.51873170849898
4.35710375807070
5.22187774932815
5.15397509722920
4.30304054607993
5.39211097888535
5.37765874460423
4.42930321975246
5.55506810867816
5.38412604939476
4.34890189634428
4.72871044548868
5.33232066249320
4.40320231047875
5.33592820247335
5.29462988966358
3.71056190396396
5.43082745342690
5.28072612772714
4.34064340535844
5.15559626741722
5.24649925715627
4.52361569414132
5.38821990398625
5.21432771933456
4.33792955194610
5.41031763463311
5.64403541123895
4.53627499706155
5.26667626525134
4.57979047989073
4.42887623867080
5.45918878206867
5.11145428183269
4.32328592071641
5.45756996171677
5.02605133067057
4.39755990273547
6.11906108267768
4.98693701973426
4.59661913138394
5.28226043556009
5.10585399853690
4.88800360788339
5.53742699078721
5.08164208310811
4.38740689561490
5.52015476757779
5.08400583988507
4.42054033904501
5.52564240340920
5.64410631133900
4.17075481903089
5.53506402729902
5.08478736028972
4.42014667721143
6.15657329785363
5.06917964754728
4.47528313402288
6.43860784969336
4.90086309476765
4.40337098444751
5.65057854985116
4.97759613627531
4.69429857461076
5.58327831930065
4.89269129453651
4.40950431798330
5.92654643671815
4.86286549904003
4.90986806171501
4.95953161598575
4.92619090336646
5.63196607666431
5.69638700118377
5.73542149806070
5.41790850373959
5.22632215559543
5.66868836864323
5.55727665403488
6.75533674054498
5.18245756041994
5.94084987827579
5.93720977351904
6.21714946486038
6.09372807604743
5.27703867466661
7.03490918619281
6.46874147959236
7.34472911990872
6.69149373603040
6.84881445245179
7.00585728297382
6.96470876397455
7.24399840392766
7.44418903293897
6.83539942507996
7.58859646026582
7.42382949767940
7.80330592248320
7.88989204018023
8.04126590887904
8.12090953260557
7.84849485939021
8.32951935131096
8.42526685060753
8.31303863336225
8.87399318329365
8.53601273273753
8.85421032580314
9.11034572290189
9.76252702020160
9.38171219985414
9.84157513160954
10.2282367917549
10.0400475892637
10.1425672611951
10.4115643537448
10.5773269847490
10.6744749400482
10.9585903389344
11.5711263425734
11.1047628286373
10.9745130987740
11.5006596599193
11.8495167087075
12.2884495813832
12.1776200515342
11.3037472115768
12.7821847313759
10.8980516072194
12.8733971395314
13.1240838398944
12.4833850288766
13.0116875332798
14.0605816047549
12.8763065152436
13.1407769763035
12.0897340511434
13.6883287861832
15.5024072000378
15.9512504831730
16.3236064609111
14.6073187172972
14.1375353312331
13.2986873254574
14.4820714803163
14.2246934852282
14.6476907220742
14.8672055433485
16.6645130724134
14.9992336029101
16.2326471830982
15.1766934596563
15.6818587655149
15.4283404992058
15.4585611287419
15.4246950115079
16.1429149021135
15.7226955726779
14.1505924405842
18.3897739409411
19.5900894378048
15.9632302885963
15.8537768760802
17.7736683399191
16.6768984077674
14.7957513030522
16.8022570721714
17.6183861209528
16.6034823026131
16.5174346236378
16.9098318084860
16.9263675548902
17.0469872180900
19.0918384242433
14.7245263190646
16.9430170119404
17.2217169348841
18.8533158579262
17.4717783737400
16.5854613375323
17.7650769672051
17.4483307185927
16.3930171932544
18.6936179729275
18.7679297255088
18.4950044871874
19.0336080814539
19.0645366979894
17.0289619509222
17.2314586166572
17.4983785568149
17.8306840463227
18.1732242639870
17.8118766974980
18.6119620928575
18.5943464728786
18.0139141940755
17.6504541237952
17.7998808892359
17.6986162276628
17.7663808673174
16.4818893191170
15.8957765834075
18.7807966980048
18.4294163992099
16.2268004869406
15.6295105309603
16.6751564498478
17.1389621728007
19.5138553460592
18.1905785129026
18.7151422888054
18.0962840398884
18.5395914142374
18.1389067740093
17.2864897729814
17.5159237149441
18.7213566105980
17.7999239996535
19.3643038531241
18.3255799811468
18.8277030570237
18.5726049563460
18.2633093966400
18.5817208017627
17.4282321980470
16.2136768035937
18.1696194885672
17.9141437316356
18.7111939262072
18.7204931371563
18.2389608000099
18.1390870464567
18.0281023011511
17.0239617135516
17.5005255440743
17.4004657527683
17.2138019841620
18.3559666459347
18.3774944356640
17.9224177446194
18.3028922803863
16.0413298389280
17.5491653869286
16.8312438602022
16.1040856049805
17.6887353782105
18.3425199709318
19.7113776113758
18.5468569352712
18.4329513237347
17.6893029602112
17.4205069706253
17.3556633262629
17.4351667349568
17.1683042846284
18.0745614977278
18.6107891390071
21.2419059862451
19.1042625524597
20.2198116521449
16.6182001349311
17.3311945492313
18.8447836177820
16.8196848370282
18.7890225551678
18.2597351296669
18.3640159177165
19.2562369230679
19.6289121835734
17.9621287790477
17.3459325351844
16.7415024819229
18.2585104451362
17.8031836285545
18.1077876502686
19.7947328618261
18.3519291342898
18.0362512191673
18.1831046102099
18.3156154369582
17.3289438629130
16.3002018138961
16.6272576496261
17.9644295344535
17.9282680636035
18.7521009757828
17.9753761131833
17.8286764152652
19.2302234495120
15.7569376573478
17.3082515049999
14.5332194155618
19.1220225316892
18.4389556798527
18.7101065245310
19.4030326610348
18.0413271948748
18.5127302907529
16.4183041791563
17.0069633458199
17.5887175193389
17.9279993696208
18.4458768569230
18.4773980310323
18.5298915001479
17.7668098749186
17.5616630938456
16.6404950385209
17.2564738429619
17.6928004783805
16.6624027329343
18.3116999924172
18.6693896728932
18.2858717909414
18.1250573467065
17.8537742846258
17.4516833329091
17.2995326484558
19.0875077256780
17.4992709177504
18.4914074378519
19.7048441635699
18.6212049805377
15.8588848409803
18.9274740994241
16.6376863416155
17.3431388424550
20.0258326377769
18.0999227067999
17.1567126665561
20.0125974285318
18.6059806215975
19.5558940644169
17.3660810972935
16.8005213702318
17.5152010516782
17.6416302779250
17.6540882266625
18.8362539859123
18.7486504914260
18.3514872842854
18.4678785545292
17.6767114219380
17.7423589338479
17.4590675058108
18.4787744871751
17.7612636501067
18.7191606741465
18.5317086963288
17.9541457819053
18.4773782257851
17.9798374420839
17.2612700981667
17.3746951385342
16.2590145768087
16.8359014139017
18.6698990789503
18.4727609589625
20.7559417280284
18.4672731473189
17.7269681808179
17.9636727609994
16.3193327408409
17.2344260772012
18.5422758370551
17.8421532601728
17.9659172270585
17.8055076256761
18.2542664730274
16.7881988309416
16.6699919085144
17.9273591609812
14.8520934819973
16.2873998606338
16.8829616543701
16.8622765865682
16.2144841750632
15.4005604790340
16.6972341760369
16.4826296676685
15.9217061621530
15.7856290514540
16.3733005025320
15.0449150093839
15.3397160746582
15.1467971116099
14.9348623068055
15.9909080812531
15.6500668940176
14.7096606811400
14.4694046219249
14.0122053200268
15.4651053332153
12.4615222181816
13.2850699976735
11.8501913382412
14.8002265597128
11.8665024275878
11.0169758209832
17.4397414594618
14.9234974452196
15.4780727649135
13.5211882062882
13.6264768699395
10.2018191991425
11.3509364516556
13.2599967888463
12.5832100797720
11.3203650871499
12.2933905773283
12.5833859823897
11.8107109476725
11.1844930354082
12.5498300319781
11.4600001120798
10.6177619296288
10.7540258163964
11.4987622652316
10.1565556308789
10.1636994969710
9.75064306867735
10.3178519449397
9.50560201520872
10.1613010885528
10.5712618382389
10.1324418318766
9.82640110668232
10.3200388378548
10.5640852780397
8.97587383063322
9.78321347430839
9.60536448796778
8.23465382509811
8.34450253002744
9.14163020414376
8.66311998686503
7.70027545078697
8.61916988689000
8.69028530136120
7.81013281624492
6.48715304848286
8.75850522553987
8.48675094443193
6.69089097421584
6.93138414267997
7.69718235962938
6.51476744689631
6.38388822282925
7.44812508517002
6.34550413449417
5.85791424389617
6.33858203115165
6.71561209686550
5.69363364587234
5.05382216013471
7.68870766394806
5.74992850098447
5.00018464858087
5.51641152886664
5.56360592017089
5.14657130965048
4.42764682781266
4.89073074521549
4.92168069881951
3.94524444913882
4.56701789977488
4.88545421178509
3.82277673368331
1.31727586477706
3.60685294914426
3.99111368931797
3.16175838130527
2.92195726662068
4.00222411742596
2.96788083982804
2.62649804774638
3.49915144765699
3.09039153030874
1.98040301013448
2.62034351622356
2.85699628675115
2.48475944294297
1.73835883426972
2.61149466845659
2.41212063804830
1.07373366192056
1.67757785553114
2.08197578971578
1.03753953923652
0.694400927937620
1.65465561913205
0.932032844547234
0.133964586237620
0.761306294338688
1.13114545322894
0.0969705844569697
-0.204697970290608
1.01461382247444
0.152653463249875
-0.708212864706985
-0.311222203306722
0.182325389211025
-0.825361726338332
-1.14968866118039
-0.382600062583781
-0.707990936067384
-1.71523078782065
-1.16466721749806
-0.731500376810581
-1.80805878922590
-2.12783613550619
-1.18942541169902
-1.64969241456406
-2.68720747729351
-2.23685384004116
-2.06993616284526
-0.598873025327178
0.413110462288214
0.196296198889389
0.230768609386708
1.61521130514129
2.14948034728254
1.51055898365463
1.90360978237353
3.04565034494623
3.11417289921850
2.39656735455492
2.99304675869959
3.89571657050246
3.78646220708210
3.07809507099847
3.60736978352865
4.45849366332704
3.44058808821125
3.23699511480205
3.58065464495533
4.93240747163129
3.72586621279395
4.31700411066411
4.81645969993677
5.11499944061714
3.90788240178399
4.22869490355106
5.59373000005034
3.91681747441437
4.19033182080518
4.01657931046664
5.28042165648408
6.09320561939704
4.05697256443342
4.52119156853232
5.35608736165994
5.08483911681334
4.19823189647121
5.43558350291868
5.58021602864658
4.89891837887752
4.98520762396825
4.47863326109884
5.50077011923555
4.84777862615424
5.25264749833792
5.33134617794351
5.54629195020493
4.58051839617348
4.51704596472121
6.13415245247104
5.15162073369686
5.04121396023938
4.80657925222196
5.73003943853843
5.97675409456559
4.90200136504615
4.91196424696190
5.64083898534089
4.46346506686035
4.09349752624840
5.10883756861497
5.56658723845811
5.23268327799441
4.46011966723645
5.74112030714851
5.69579686198236
4.67138753915520
4.49032212373542
5.83098983446671
5.39677426596820
4.26963616586288
4.70945484118887
5.59777805924990
5.72856606348173
4.39749375598222
4.77430464482070
4.22544666396173
4.82448505819473
4.54797419916008
4.76791444179337
5.66098923309741
4.88282062727054
5.72480939773848
5.19845401640522
5.48574884781863
4.69937385237803
4.59342892189221
4.67466618759012
5.27157682999357
4.51648110715963
4.47429155171728
5.45401281635957
5.35433369581602
4.44016694330458
4.35867402481110
5.40760587853214
5.07262091639559
4.25049354962509
5.07510650081176
5.90946323087055
5.07330410556613
4.33569211699395
5.06764133437202
5.65919931078170
4.44973485023112
4.38674846764497
5.43734625188158
5.53113165612157
4.68736699329060
3.19314367054708
5.45683211308420
5.44073083278972
4.50505912075380
4.48180101904324
5.56805965490296
5.60664612289747
5.24665471571390
5.18407008279299
5.60897408205130
5.09502405236989
4.51313634961976
4.87539236788998
5.73930677254695
4.92152569607918
4.36277539794416
5.17850620210202
5.75244859656809
4.46057826636505
4.44689217903135
5.45529158215488
5.47929115014546
4.54903184475739
4.53344752210359
5.28615334234436
5.15412639883826
4.13791144028326
4.71806186561382
5.99417212226009
5.26581533565248
5.66520872010898
3.99659234044851
5.62864553104959
4.02559464661606
4.94994005977223
5.27575765711280
5.72555540085358
4.90907388930870
4.60193476094239